image_width: 640
image_height: 480
camera_name: narrow_stereo
camera_matrix:
  rows: 3
  cols: 3
  data: [837.26575,   0.     , 268.29232,
           0.     , 837.76904, 298.62562,
           0.     ,   0.     ,   1.     ]
distortion_model: plumb_bob
distortion_coefficients:
  rows: 1
  cols: 5
  data: [0.142109, -0.345195, 0.006337, -0.005323, 0.000000]
rectification_matrix:
  rows: 3
  cols: 3
  data: [1., 0., 0.,
         0., 1., 0.,
         0., 0., 1.]
projection_matrix:
  rows: 3
  cols: 4
  data: [848.09027,   0.     , 265.9849 ,   0.     ,
           0.     , 848.30634, 299.57416,   0.     ,
           0.     ,   0.     ,   1.     ,   0.     ]
